/NOP/
1,0,4000,"acker_ovl",0,50,0,
2,0,2000,"fels1_ovl",1,60,0,
3,0,8000,"dreck_ovl",1,70,0,
4,0,15000,"dungeonfloor_ovl",0,85,0,
5,0,3000,"sand_ovl",1,20,0,
6,0,10000,"schnee_ovl",0,100,0,
7,0,7000,"street3_ovl",1,40,0,
8,0,9000,"wald_ovl",1,80,0,
9,0,11000,"grass_ovl",1,90,0,
10,0,5000,"lava_ovl",0,10,0,
11,0,12000,"sandy_ovl",0,30,1,
12,0,1000,"cracked_ovl",1,45,0,
13,0,16000,"mud_ovl",0,75,0,
14,0,17000,"str_ovl",0,35,0,
15,0,18000,"cob_ovl",0,42,0,
16,0,13000,"strasse_ovl",1,38,1,
17,0,14000,"grass_dry_ovl",0,87,1,
