/NOP/
1,0,0,"unknownTile",1,0,0,0,1,0,0,0,"Unknown",0,1,
2,0,4,"acker",1,0,0,2,1,4,0,50,"Field",0,1,
3,0,7,"street3",5,2,0,3,1,7,0,10,"Road",0,1,
4,0,8,"dreck",1,0,0,2,1,8,0,40,"Dirt",0,1,
5,0,11,"grass",8,2,0,1,1,11,0,20,"Grass",0,1,
9,0,24,"sand001",1,0,0,5,1,3,0,30,"Sand",0,1,
13,0,40,"parkett",4,2,0,6,1,40,0,5,"Tiles",0,1,
14,0,41,"dach",1,0,0,6,1,41,0,40,"Roof shingles",0,1,
15,0,42,"mauer",1,0,0,3,1,42,0,0,"Wall",0,1,
16,0,43,"schindeltile",4,2,0,6,1,43,0,40,"Roof tiles",0,1,
18,0,45,"teppich_7",1,0,0,5,1,45,0,25,"Teppich",0,1,
19,0,46,"teppich_8",1,0,0,5,1,46,0,25,"Teppich",0,1,
20,0,47,"teppich_9",1,0,0,5,1,47,0,25,"Teppich",0,1,
21,0,48,"teppich_4",1,0,0,5,1,48,0,25,"Teppich",0,1,
22,0,49,"teppich_5",1,0,0,5,1,49,0,25,"Teppich",0,1,
23,0,50,"teppich_6",1,0,0,5,1,50,0,25,"Teppich",0,1,
24,0,51,"teppich_1",1,0,0,5,1,51,0,25,"Teppich",0,1,
25,0,52,"teppich_2",1,0,0,5,1,52,0,25,"Teppich",0,1,
26,0,53,"teppich_3",1,0,0,5,1,53,0,25,"Teppich",0,1,
27,0,54,"fels1",4,2,0,2,1,2,0,50,"Rock",0,1,
28,0,55,"marmor",4,2,0,5,1,55,0,5,"Marble",0,1,
29,0,6,"water",10,1,45,4,1,6,0,0,"Water",1,1,
30,0,9,"wald",7,2,0,8,1,9,0,50,"Forest",0,1,
81,0,105,"lava",1,0,0,6,0,5,0,0,"Lava",0,1,
106,0,130,"schnee",1,0,0,7,0,10,0,40,"Snow",0,1,
229,0,253,"dungeonfloor",4,2,0,2,0,15,0,35,"Dungeon",0,1,
267,0,1,"invisible",1,0,0,0,0,34,0,0,"Invisible",0,0,
268,0,56,"dach_pflaster",1,0,0,6,0,56,0,40,"Roof cobblestone",0,1,
269,0,0,"mosaik",1,0,0,3,0,57,0,10,"Mosaik",0,1,
270,0,0,"sewertile",1,0,0,3,0,58,0,0,"",1,0,
272,0,0,"sandy",25,2,0,5,0,12,0,0,"Sand",1,0,
273,0,0,"cracked",9,2,0,2,1,1,0,50,"Cracked",0,1,
274,0,0,"mud",5,2,0,2,0,16,0,35,"Mud",0,0,
275,0,0,"str",5,2,0,2,0,17,0,35,"Street",0,0,
276,0,0,"cob",5,2,0,3,0,18,0,35,"Cobblestone",0,0,
277,0,0,"roof1_tile",1,0,0,6,0,59,0,50,"Roof 1",1,0,
278,0,0,"roof2_tile",1,0,0,6,0,60,0,50,"Roof 2",1,0,
279,0,0,"roof3_tile",1,0,0,6,0,61,0,50,"Roof 3",1,0,
280,0,0,"strasse",5,2,0,3,1,13,0,10,"Road",0,1,
281,0,0,"grass_dry",5,2,0,1,1,14,0,10,"Dry Grass",0,1,
283,0,0,"Parkett2",1,0,0,6,1,63,0,5,"Parkett",0,1,
284,0,0,"Parkett3",1,0,0,2,1,64,0,5,"Parkett",0,1,
286,0,0,"Eis1",1,0,0,4,1,19,0,50,"Ice",0,1,
287,0,0,"Eis2",1,0,0,4,1,20,0,0,"Ice",0,1,
288,0,0,"Parkett1",1,0,0,0,1,62,0,5,"Parket",0,1,
289,0,0,"Tile_Parkett_Taverne",1,0,0,2,1,65,0,5,"Parkett",0,1,
290,0,0,"Tile_Pflaster",1,0,0,3,1,66,0,5,"Cobble",0,1,
291,0,0,"blue_rug",1,0,0,4,0,67,0,5,"blue_rug",1,1,
292,0,0,"blue_rug_pat",1,0,0,4,0,68,0,5,"blue_rug_pattern",1,1,
293,0,0,"brown_rug",1,0,0,2,0,69,0,5,"brown_rug",1,1,
294,0,0,"brown_rug_pat",1,0,0,2,0,70,0,5,"brown_rug_pattern",1,1,
295,0,0,"green_rug",1,0,0,1,0,71,0,5,"green_rug",1,1,
296,0,0,"green_rug_pat",1,0,0,1,0,72,0,5,"green_rug_pattern",1,1,
297,0,0,"gold_rug",1,0,0,5,0,73,0,5,"gold_rug",1,1,
298,0,0,"mud_floor",1,0,0,2,0,74,0,35,"mud_floor",1,0,
299,0,0,"mud_roof",1,0,0,2,0,75,0,35,"mud_roof",1,0,
